237030
129801
36854
158860
38613
157949
40979
156021
38839
201180
49859
48552
169341
46073
197001
48300
153744
49395
171648
52197
177131
54669
211938
57522
63923
219126
61765
66528
189204
55076
243050
79876
70693
190931
65400
202909
68754
189440
63086
202200
71481
202145
69783
176150
68263
213641
82990
190286
67581
199378
69191
189930
72797
204794
74654
173125
72649
209367
74599
225449
72537
173406
70458
203263
76794
233004
81804
179114
72771
206606
79026
225209
78818
183505
72925
248755
94511
184283
72069
186130
73096
195691
75039
199157
70376
156499
70022
190631
73692
250629
72460
174939
72471
177667
72199
187635
73024
231147
81671
86689
205245
79722
84548
151416
66792
219073
86160
74937
171965
74270
73439
153675
65303
170910
61387
153378
62989
152322
68964
50581
553525
174862
75257
204947
82156
86362
194768
76174
202620
74257
194748
75568
208059
77724
255404
84074
184670
83366
204736
84428
228634
91736
206055
91988
244206
94980
227207
91400
200315
91755
276060
116068
205708
88213
211423
93005
234515
92988
228874
85837
213468
84547
229194
86652
279412
86576
200164
85074
193166
80906
217374
87029
199936
79046
221941
85481
210261
77928
191920
78176
248342
97575
188524
78061
198096
77748
200506
78724
215828
74386
190245
72508
213189
76927
257713
78266
171034
71915
183001
77555
193250
84850
141867
85155
386686
98727
21273
23772
171832
30625
34412
97911
24125
28864
112086
27644
28747
120783
28854
31629
105746
25220
27708
128229
27016
35500
94239
24157
107846
34909
30094
95283
36099
29343
87876
37161
29347
61026
36996
39275
607933
178940
51768
69493
97339
176881
52491
58035
178512
53048
54412
160475
47158
50858
180330
57594
61778
164488
58897
98552
170702
50166
54030
178962
51641
51724
116670
40370
42024
135064
42899
38160
151695
46392
49462
142816
40879
44673
153297
43480
47942
141115
43068
43393
152776
52525
54687
148958
53846
162095
51321
53497
163628
44321
50730
152489
43999
47103
187875
49021
58138
130975
38052
137324
45956
40040
138596
50275
41189
133532
54104
41608
103274
48674
48935
83858
64544
52536
425666
166609
74503
155167
70070
172958
77878
189401
83399
165100
79111
275988
89075
191772
84637
166226
74088
167249
73871
177069
78606
189955
81532
145904
138964
196550
84123
207139
107765
183489
78830
128701
191696
78333
186909
81875
165612
80198
163484
92614
127972
81286
492543
204007
96093
204770
85648
205035
88211
186079
90358
214700
95489
188826
95637
198570
99470
220495
124458
207546
99824
202794
81699
168078
77106
179054
83598
205313
94233
171367
86038
228274
94992
196997
85875
167943
81813
185345
86063
201807
90492
182311
87427
198852
97805
193794
90999
202132
117633
193130
85832
193609
79689
173300
78412
188931
82441
198400
94402
173231
79140
258848
98589
195936
81796
155451
72803
146394
72623
169433
79532
163148
75109
163357
84264
116990
