255453
74515
35723
32107
29853
30003
28724
33196
42236
49135
61325
48780
60402
82454
61255
83159
61548
111253
83480
62484
62355
62980
63193
62001
61768
61693
62117
50148
61746
61914
144012
60103
59053
103055
60385
59061
59591
60334
60029
59846
82578
61071
62197
62383
60890
49250
110272
62413
61687
84759
61924
62961
61948
62417
62374
62872
64257
50785
88230
64714
255922
53750
65363
50682
50471
63494
63833
63040
63359
50104
63744
50628
63066
64343
88843
64883
118278
65141
66024
65993
64609
65601
65568
51102
64732
65151
50687
64924
51152
64853
257420
68690
65786
64492
49774
50429
63268
63581
63042
63962
49903
63841
63762
63497
50579
64700
118186
90833
64906
64832
50891
64762
50756
64500
50290
64759
65125
64771
64867
50057
199993
65115
63822
87045
62923
113964
63560
64167
64125
63316
50671
63708
49589
63485
64345
118024
89791
65671
64859
65292
51564
65452
65313
65108
65368
64864
50517
50493
65079
50088
198965
65114
