185
185
185
185
185
185
185
253
246
231
238
219
217
200
184
205
202
209
194
185
190
193
194
185
173
176
193
216
242
228
224
221
220
199
186
197
215
195
183
177
177
179
200
210
203
206
200
197
185
193
193
178
186
164
185
189
191
184
193
177
170
194
195
202
177
189
202
189
177
192
191
195
188
199
174
178
172
182
187
186
200
166
162
166
173
176
178
165
167
194
192
201
191
207
176
187
176
208
164
176
215
174
174
162
162
188
172
172
181
187
181
169
175
199
197
179
175
198
196
221
187
165
191
187
188
180
175
182
195
173
168
169
176
189
219
175
170
173
174
186
175
168
185
178
174
178
192
186
195
189
181
176
210
175
207
190
173
197
171
186
206
166
173
190
208
208
174
185
178
184
182
173
197
173
204
200
173
163
177
194
186
215
204
213
195
194
198
197
209
166
181
184
166
183
177
181
178
169
177
202
186
209
211
206
201
201
210
187
175
175
193
184
188
177
183
175
180
188
192
187
189
166
171
178
178
190
190
182
190
186
174
180
177
177
174
178
190
177
192
187
186
176
181
176
180
175
172
175
164
192
179
185
184
189
175
194
187
175
170
181
178
187
181
174
188
176
188
205
196
190
198
183
191
176
184
187
188
175
183
186
176
185
183
176
182
178
179
193
194
187
183
190
190
179
179
193
180
182
178
171
179
171
181
170
187
184
188
177
165
161
161
169
172
165
174
177
176
167
173
168
184
173
180
178
175
177
183
176
171
178
184
168
185
187
181
180
192
184
188
190
188
176
176
189
183
179
186
191
178
183
193
178
184
189
188
187
189
193
186
177
181
190
182
179
194
191
180
179
187
172
192
182
195
194
178
181
175
196
184
180
172
188
177
190
199
187
188
185
188
187
182
185
181
178
179
191
187
187
200
174
175
186
182
183
187
186
188
193
187
181
216
196
183
193
187
187
189
206
195
193
179
177
177
165
178
175
177
176
172
170
180
185
177
180
174
170
186
182
181
184
184
195
185
188
200
186
189
191
191
188
186
192
202
185
197
197
184
174
185
200
196
185
191
198
200
200
196
174
168
178
192
189
185
200
188
192
190
196
174
183
192
182
196
179
190
187
191
188
181
197
177
175
175
187
178
173
186
196
185
173
179
199
206
185
198
189
187
195
196
191
188
185
195
185
192
183
199
195
185
177
185
181
198
182
183
179
176
172
172
170
170
179
170
177
186
176
196
176
172
206
182
179
198
177
193
190
189
183
189
197
195
197
183
188
192
178
188
172
186
188
199
178
177
171
178
185
185
179
175
192
183
188
193
195
179
185
179
182
187
181
220
220
208
204
180
184
170
200
196
183
184
179
172
165
177
172
175
167
167
181
175
190
174
175
166
170
178
174
194
174
187
177
190
191
199
203
193
197
195
179
195
180
187
181
183
180
198
190
186
178
171
196
183
165
183
179
174
186
187
188
200
184
200
197
190
188
183
192
180
197
187
183
197
192
190
189
166
194
183
188
183
206
184
184
191
176
188
189
191
193
188
187
176
208
197
185
188
202
189
185
191
194
187
198
201
187
192
192
186
200
185
188
189
184
177
182
166
182
159
173
188
182
169
170
174
174
196
173
178
177
187
172
183
179
185
171
180
174
189
189
188
187
183
186
173
169
188
180
169
184
176
170
174
169
186
179
178
186
179
177
183
187
204
206
202
168
194
190
199
190
182
202
190
181
195
209
193
186
177
186
181
174
183
181
184
188
171
179
178
168
186
199
174
189
179
187
171
175
172
